# PHA-4054 live evidence (two clients, A = authority id 3, B = mirror id 4)

## t6-A
1 phase (0, 10)
2 phase (0, 11)
5 phase (0, 12)
8 phase (0, 14)
11 phase (0, 15)
18 phase (0, 16)
21 phase (0, 17)
22 phase (0, 18)
25 phase (0, 20)
27 phase (0, 21)
28 phase (0, 22)
38 phase (0, 24)
40 phase (0, 26)
43 phase (0, 27)
44 phase (0, 28)
50 phase (0, 29)
54 phase (1, 0)
{"auth": 3, "b4": 0, "clear": 0, "cs": 0, "csAction": 7, "dying": false, "head": [94.83905029296875, 1205.637939453125, -200.0], "health": 48, "hearts": 0, "hp": 30, "iframes": 0, "link": [140.0, 1086
## t6-B
1 phase (0, 11)
2 phase (0, 12)
5 phase (0, 14)
8 phase (0, 15)
15 phase (0, 16)
18 phase (0, 17)
20 phase (0, 18)
22 phase (0, 20)
24 phase (0, 21)
25 phase (0, 22)
34 phase (0, 23)
35 phase (0, 24)
37 phase (0, 26)
40 phase (0, 27)
41 phase (0, 28)
45 phase (0, 29)
51 phase (1, 0)
{"auth": 3, "b4": 0, "clear": 0, "cs": 0, "csAction": 0, "dying": false, "head": [94.796630859375, 1205.637939453125, -198.07325744628906], "health": 48, "hearts": 0, "hp": 30, "iframes": 0, "link": [
## f2-A
0 1 False [53, 1086, -200] 30 1 0 48
1 1 False [53, 1086, -200] 30 1 0 48
2 1 False [78, 1086, -199] 30 1 0 48
3 1 False [159, 1086, -198] 30 1 0 48
4 1 False [216, 1086, -217] 30 1 0 48
5 1 False [288, 1086, -240] 30 1 0 48
6 1 False [343, 1086, -282] 30 1 0 48
7 1 False [400, 1086, -324] 30 1 0 48
8 1 False [400, 1086, -324] 30 1 0 48
9 1 False [405, 1086, -341] 30 1 0 48
## f2-B
0 1 True [53, 1086, -200] 30 1 0 48
1 1 True [53, 1086, -200] 30 1 0 48
2 1 True [75, 1086, -199] 30 1 0 48
3 1 True [159, 1086, -198] 30 1 0 48
4 1 True [214, 1086, -216] 30 1 0 48
5 1 True [288, 1086, -240] 30 1 0 48
6 1 True [341, 1086, -280] 30 1 0 48
7 1 True [400, 1086, -324] 30 1 0 48
8 1 True [400, 1086, -324] 30 1 0 48
9 1 True [405, 1086, -341] 30 1 0 48
## d2-A
0 (3, 1, 20, False, False, 8, [False, False, False])
5 (3, 2, 20, False, False, 8, [False, False, False])
8 (1, 3, 20, False, True, 0, [False, False, False])
31 (1, 3, 25, False, False, 0, [False, False, False])
## d2-B
0 (1, 0, 30, True, False, 0, [False, False, False])
3 (3, 1, 20, False, False, 8, [False, False, False])
8 (3, 2, 20, False, False, 8, [False, False, False])
11 (1, 3, 20, False, True, 7, [False, False, False])
12 (1, 3, 20, True, True, 0, [False, False, False])
34 (1, 3, 25, True, True, 0, [False, False, False])
## d4-A
0 (79, 2, 0, 0)
0 (79, 2, 1, 8)
6 (79, 2, 1, 99)
7 (79, 2, 2, 99)
10 (79, 2, 3, 99)
15 (79, 2, 4, 99)
20 (79, 2, 5, 100)
21 (79, 2, 5, 101)
26 (79, 2, 5, 102)
27 (79, 2, 6, 0)
28 (79, 2, 7, 97)
31 (79, 2, 75, 97)
35 (79, 2, 8, 98)
40 (79, 2, 9, 98)
43 (79, 2, 10, 98)
52 (68, None, None, 0)
## d4-B
0 (79, 1, 0, 0)
0 (79, 2, 1, 8)
6 (79, 2, 1, 99)
7 (79, 2, 2, 99)
9 (79, 2, 3, 99)
15 (79, 2, 4, 99)
20 (79, 2, 5, 100)
22 (79, 2, 5, 101)
26 (79, 2, 5, 102)
27 (79, 2, 6, 0)
28 (79, 2, 7, 97)
32 (79, 2, 75, 97)
35 (79, 2, 8, 98)
40 (79, 2, 9, 98)
43 (79, 2, 10, 98)
53 (68, None, None, 0)
## s1-A
0 1 False 4 [-3, 185, -203] 40 False 0 0 16 0 48
1 1 False 4 [-5, 60, -191] 40 False 0 0 16 0 48
2 1 False 4 [-5, 134, -191] 40 False 0 0 20 0 48
3 1 False 4 [-8, 186, -183] 40 False 0 0 20 0 48
4 1 False 4 [1, 60, -171] 40 False 0 0 20 0 48
5 1 False 4 [1, 134, -171] 40 False 0 0 24 0 48
6 1 False 4 [-7, 186, -163] 40 False 0 0 24 0 48
7 1 False 4 [-1, 60, -151] 40 False 0 0 24 0 48
8 1 False 4 [-1, 132, -151] 40 False 0 0 28 0 48
9 1 False 4 [-3, 193, -140] 40 False 0 0 28 0 48
10 1 False 4 [-5, 60, -131] 40 False 0 0 28 0 48
11 1 False 4 [-5, 142, -131] 40 False 0 0 32 0 48
12 1 False 4 [3, 193, -120] 40 False 0 0 32 0 48
13 1 False 4 [-6, 60, -111] 40 False 0 0 32 0 48
14 1 False 4 [-6, 142, -111] 40 False 0 0 36 0 48
15 1 False 4 [1, 193, -99] 40 False 0 0 36 0 48
## s1-B
0 1 True 1 [-5, 179, -205] 40 False 0 0 0 16 48
1 1 True 1 [-5, 133, -191] 40 False 0 0 0 16 48
2 1 True 1 [-5, 128, -191] 40 False 0 0 0 20 48
3 1 True 1 [-9, 181, -184] 40 False 0 0 0 20 48
4 1 True 1 [1, 133, -171] 40 False 0 0 0 20 48
5 1 True 1 [1, 128, -171] 40 False 0 0 0 24 48
6 1 True 1 [-5, 181, -164] 40 False 0 0 0 24 48
7 1 True 1 [-1, 173, -151] 40 False 0 0 0 24 48
8 1 True 1 [-1, 128, -151] 40 False 0 0 0 28 48
9 1 True 1 [-2, 190, -141] 40 False 0 0 0 28 48
10 1 True 1 [-5, 60, -131] 40 False 0 0 0 28 48
11 1 True 1 [-5, 138, -131] 40 False 0 0 0 32 48
12 1 True 1 [4, 190, -121] 40 False 0 0 0 32 48
13 1 True 1 [-6, 60, -111] 40 False 0 0 0 32 48
14 1 True 1 [-6, 138, -111] 40 False 0 0 0 36 48
15 1 True 1 [-1, 191, -101] 40 False 0 0 0 36 48
## s3-A
(3.8, 0, [15, 174, 85], 3, 0)
(3.9, 0, [41, 158, 103], 3, 0)
(4.0, 0, [80, 134, 131], 3, 0)
(4.2, 0, [107, 118, 149], 3, 0)
(4.3, 0, [146, 94, 177], 3, 0)
(4.4, 1, [146, 91, 176], 3, 0)
(4.6, 1, [106, 107, 143], 3, 0)
(4.7, 2, [66, 123, 111], 3, 0)
(4.8, 2, [39, 133, 89], 3, 0)
(5.0, 2, [-1, 149, 56], 3, 0)
(5.1, 0, [13, 143, 66], 3, 0)
(5.2, 0, [40, 131, 87], 3, 0)
(5.3, 0, [80, 113, 118], 3, 0)
(5.5, 0, [107, 102, 139], 3, 0)
(5.6, 0, [147, 84, 170], 3, 0)
(5.7, 0, [174, 72, 191], 3, 0)
(5.8, 0, [215, 55, 222], 3, 0)
(6.0, 0, [242, 43, 243], 1, 124)
(6.1, 0, [242, 43, 243], 1, 121)
(6.2, 0, [242, 43, 243], 1, 119)
(6.4, 0, [242, 43, 243], 1, 116)
(14.0, 0, [22, 159, 32], 3, 0)
(14.2, 0, [46, 146, 55], 3, 0)
(14.3, 0, [82, 125, 90], 3, 0)
(14.4, 0, [107, 112, 113], 3, 0)
(14.6, 0, [143, 91, 147], 3, 0)
(14.7, 0, [167, 77, 170], 3, 0)
(14.8, 0, [203, 57, 205], 3, 0)
(14.9, 0, [239, 37, 239], 1, 124)
(15.1, 0, [239, 37, 239], 1, 122)
(15.2, 0, [239, 37, 239], 1, 119)
(15.3, 0, [239, 37, 239], 1, 117)
(23.0, 0, [72, 158, 40], 3, 0)
(23.2, 0, [94, 142, 65], 3, 0)
(23.3, 0, [125, 120, 102], 3, 0)
(23.4, 0, [146, 105, 127], 3, 0)
(23.6, 0, [178, 82, 165], 3, 0)
(23.7, 0, [209, 59, 202], 3, 0)
(23.8, 0, [230, 44, 227], 3, 0)
(24.0, 0, [241, 36, 239], 1, 122)
(24.1, 0, [241, 36, 239], 1, 120)
(24.2, 0, [241, 36, 239], 1, 117)
(31.9, 0, [16, 167, 52], 3, 0)
(32.0, 0, [53, 145, 84], 3, 0)
(32.2, 0, [78, 130, 105], 3, 0)
(32.3, 0, [116, 108, 137], 3, 0)
(32.4, 0, [141, 94, 158], 3, 0)
(32.6, 0, [179, 72, 190], 3, 0)
(32.7, 0, [204, 57, 211], 3, 0)
(32.8, 0, [242, 35, 243], 1, 124)
(32.9, 0, [242, 35, 243], 1, 121)
(33.1, 0, [242, 35, 243], 1, 119)
(33.2, 0, [242, 35, 243], 1, 116)
(40.8, 0, [63, 172, 81], 3, 0)
(41.0, 0, [86, 154, 102], 3, 0)
(41.1, 0, [121, 128, 134], 3, 0)
(41.2, 0, [144, 110, 155], 3, 0)
(41.3, 0, [179, 84, 186], 3, 0)
(41.5, 0, [203, 66, 207], 3, 0)
(41.6, 0, [238, 40, 239], 1, 124)
## s3-B
(3.9, 0, [15, 174, 85], 1, 69)
(4.0, 0, [54, 150, 112], 1, 69)
(4.2, 0, [80, 134, 131], 1, 69)
HIT
(4.3, 0, [120, 110, 159], 1, 69)
(4.4, 0, [159, 85, 186], 1, 69)
(4.6, 0, [133, 96, 165], 1, 69)
(4.7, 0, [93, 112, 132], 1, 69)
(4.8, 0, [53, 128, 100], 1, 69)
(5.0, 0, [26, 139, 78], 1, 69)
(5.1, 0, [-14, 154, 46], 1, 69)
(5.2, 0, [13, 143, 66], 1, 69)
(5.3, 0, [53, 125, 98], 1, 69)
(5.5, 0, [94, 108, 129], 1, 69)
(5.6, 0, [121, 96, 150], 1, 69)
(5.7, 0, [161, 78, 181], 1, 69)
(5.9, 0, [188, 67, 202], 1, 69)
(6.0, 0, [228, 49, 233], 1, 69)
(6.1, 0, [242, 43, 243], 1, 69)
(6.2, 0, [242, 43, 243], 1, 69)
(6.4, 0, [242, 43, 243], 1, 69)
(14.0, 0, [10, 166, 21], 1, 69)
(14.2, 0, [22, 159, 32], 1, 69)
(14.3, 0, [58, 139, 67], 1, 69)
(14.4, 0, [95, 118, 101], 1, 69)
(14.6, 0, [119, 105, 124], 1, 69)
(14.7, 0, [155, 84, 159], 1, 69)
(14.8, 0, [179, 71, 182], 1, 69)
(14.9, 0, [215, 50, 216], 1, 69)
(15.1, 0, [239, 37, 239], 1, 69)
(15.2, 0, [239, 37, 239], 1, 69)
(15.3, 0, [239, 37, 239], 1, 69)
(23.0, 0, [62, 165, 27], 1, 69)
(23.2, 0, [72, 158, 40], 1, 69)
(23.3, 0, [104, 135, 77], 1, 69)
(23.4, 0, [125, 120, 102], 1, 69)
(23.5, 0, [157, 97, 140], 1, 69)
(23.7, 0, [188, 74, 177], 1, 69)
(23.8, 0, [209, 59, 202], 1, 69)
(23.9, 0, [241, 36, 239], 1, 69)
(24.1, 0, [241, 36, 239], 1, 69)
(24.2, 0, [241, 36, 239], 1, 69)
## k3-A
stun sent
2.0 (1, False, 7, 3, False, 25, False)
4.4 (1, False, 8, 3, False, 25, False)
8.3 (1, False, 9, 2, False, 25, False)
9.1 (1, False, 9, 1, False, 25, False)
9.8 (1, False, 8, 1, False, 25, False)
10.1 (2, False, 0, 0, True, 25, False)
## k3-B
0.0 (1, True, 1, 40, False, 25, False)
0.3 (1, True, 1, 3, False, 25, False)
light arrow
8.4 (1, True, 1, 2, False, 25, False)
9.2 (1, True, 1, 1, False, 25, False)
10.0 (2, False, 0, 1, True, 25, False)
## k4-A
0.2 (25, 2, 2, 8)
2.7 (25, 2, 3, 8)
8.8 (25, 2, 4, 8)
10.0 (25, 2, 5, 8)
13.7 (25, 2, 6, 8)
14.9 (25, 2, 7, 8)
16.2 (25, 2, 8, 8)
18.6 (25, 2, 9, 57)
27.3 (26, 2, 101, 8)
## k4-B
0.2 (25, 2, 2, 8)
2.7 (25, 2, 3, 8)
8.8 (25, 2, 4, 8)
10.0 (25, 2, 5, 8)
13.7 (25, 2, 6, 8)
15.0 (25, 2, 7, 8)
16.2 (25, 2, 8, 8)
18.7 (25, 2, 9, 57)
27.3 (26, 2, 101, 8)
